3.000   0.000      0.936174  0.000026     -2.680184  0.000137
3.051   0.000      0.929045  0.000031     -2.650402  0.000147
3.103   0.000      0.921105  0.000038     -2.618638  0.000158
3.154   0.000      0.912287  0.000046     -2.584315  0.000170
3.205   0.000      0.902133  0.000059     -2.547185  0.000188
3.256   0.000      0.890434  0.000077     -2.506857  0.000203
3.308   0.000      0.877414  0.000093     -2.463535  0.000216
3.359   0.000      0.860664  0.000146     -2.415169  0.000239
3.410   0.000      0.841833  0.000192     -2.362561  0.000262
3.462   0.000      0.819158  0.000277     -2.304835  0.000285
3.513   0.000      0.784461  0.000582     -2.237815  0.000339
3.564   0.000      0.739850  0.001150     -2.162261  0.000387
3.615   0.000      0.391109  0.071836     -2.057046  0.000569
3.667   0.000     -0.255276  0.055110     -1.949310  0.000537
3.718   0.000     -0.002962  0.035531     -1.841672  0.000442
3.769   0.000      0.010509  0.020170     -1.762587  0.000347
3.821   0.000     -0.001440  0.012936     -1.696688  0.000297
3.872   0.000      0.009206  0.008197     -1.638700  0.000268
3.923   0.000     -0.000421  0.005786     -1.587013  0.000243
3.974   0.000      0.004201  0.004584     -1.537488  0.000216
4.026   0.000     -0.000141  0.003645     -1.493285  0.000206
4.077   0.000      0.000448  0.002815     -1.451126  0.000190
4.128   0.000      0.002267  0.002280     -1.413236  0.000176
4.179   0.000     -0.004781  0.001904     -1.376253  0.000167
4.231   0.000      0.000734  0.001684     -1.342644  0.000156
4.282   0.000      0.000916  0.001488     -1.309757  0.000150
4.333   0.000      0.001312  0.001351     -1.280080  0.000140
4.385   0.000      0.000715  0.001165     -1.252096  0.000134
4.436   0.000     -0.001183  0.001016     -1.223523  0.000128
4.487   0.000     -0.001076  0.000933     -1.197567  0.000121
4.538   0.000      0.002151  0.000872     -1.172645  0.000116
4.590   0.000      0.000322  0.000777     -1.148499  0.000111
4.641   0.000      0.000140  0.000729     -1.126305  0.000107
4.692   0.000     -0.001026  0.000671     -1.103547  0.000102
4.744   0.000     -0.000670  0.000614     -1.083079  0.000098
4.795   0.000      0.000300  0.000581     -1.063081  0.000094
4.846   0.000      0.000557  0.000542     -1.043558  0.000090
4.897   0.000      0.000132  0.000517     -1.024766  0.000087
4.949   0.000     -0.000321  0.000468     -1.006827  0.000085
5.000   0.000      0.000180  0.000451     -0.989616  0.000082
